0,1,2,0.5,1.5,1,10,10,0,10.5,5000,0,0.08096792,1.731109
0,1,2,0.5,1.5,1,10,10,0,12,5000,0,0.09620462,1.755353
0,1,2,0.5,1.5,1,10,10,0,1,5000,0,0.09620462,1.755353
0,1,2,0.5,1.5,1,10,10,0,13,5000,0,0.09620462,1.755353
0,1,2,0.5,1.5,1,10,10,0,14,5000,0,0.09620462,1.755353
0,1,1,1,1,1,0,20,0,10,500,0,1.722143,3.278888
0,1,1,1,1,1,0,20,0,10,500,0,-2.236324,3.122094
2,0.5,0,0.5,1.5,1,0,15,0,10,5000,0,1.449008,3.693848,1.510769,-0.5102539,0.719753,-2.5,0.005938556,-0.871582,-1.302919,0.7641602,-2.11175,2.429199,-1.861143,4.70459
2,1,0,1,0.5,1,0,5,0,10,500,0,-2.2622,2.681142,1.824324,-1.208496,-1.89915,6
2,1,0,1,0.5,1,0,5,0,10,500,0,-0.9228516,3.55957,1.824324,-1.208496,-2.193702,4.611816
2,1,0,1,0.5,1,0,5,0,10,500,0,-1.629539,3.083494,1.824324,-1.208496,-2.193702,4.611816
