0,1,2,0.2,1,5,5,1.5,2.5,10,500
0,1,2,0.2,1,5,5,1.5,2.5,-10,500
0,0.1,2,3,3,30,100,-0.1746091,2.009213,-0.03919447,5.2,10,5000
1,1,1,0.5,2,0,10,-2.268528,2.729492,2.147382,1.777344,-2.057116,0.5615234,10,500
1,2,0,0.5,2,0,10,-2.292267,3.620602,2.263777,3.579102,-2.178262,1.965332,0.0748258,5.21875,10,500
1,1,2,0.5,1,5,10,0.7981279,2.416973,20,500
1,1,2,0.5,1,5,10,0.7981279,2.416973,10,500
3,1,2,0.5,1,5,10,-2.178262,3.085938,2.155696,2.036133,-0.2623959,1.096101,-0.1888461,3.999023,10,500
7,1,1,0.5,2,0,10,1.405044,3.813477,10,500
7,1,1,0.5,2,0,10,-1.794632,3.547923,10,500
7,1,2,1,2,10,5,0.679828,2.302413,10,500
7,1,2,1,2,10,5,-1.207924,2.353246,10,500
7,0.5,2,0.3,1,7,5,0,0,0.01900338,4.104004,10,500
