MAP_VERSION:1
0,1,2,0.3,1,0.5,15,10,0,10,500,0,-1.665115,3.063965
0,1,2,0.3,1,0.5,15,10,0,10,500,0,1.031417,2.99069
1,1,2,0.3,1.5,1,5,5,0,10,500,1,-2.058563,2.807617,1.724854,2.600098
1,1,1,1,1,2,0,3,0,10,500,0,-1.543634,1.21582
1,1,1,1,1,2,0,3,0,10,500,0,-1.543634,1.21582
1,1,1,1,1,2,0,3,0,10,500,0,1.067027,1.12057
1,1,1,1,1,2,0,3,0,10,500,0,-0.1167297,1.467285
2,5,0,0.2,1,1.3,0,10,5,10,500,1,-2.613373,3.051758,2.596893,3.078613
4,1,2,0.15,1,1,4,100,3,-10,500,0,-0.1552555,2.109375
3,1,0,0.5,2,2,0,100,5,10,500,0,1.85257,4.833984
3,1,0,0.5,2,2,0,100,5,10,500,0,-1.895142,4.768066
4,1,2,0.15,1,1,4,100,3,10,500,0,-0.1552555,2.109375
6,1,2,0.1,1,1,2,10,0,10,500,0,-0.1441956,0.9033812
