MAP_VERSION:1
0,0.15,2,0.5,0.8,1,10,20,0,350,1000,0,1,2,3,2
0,0.15,2,0.5,0.8,1,10,20,0,15,1000,0,1,2,3,2
0,0.15,2,0.5,0.8,1,10,20,0,15,1000,0,-1,2,-3,2
0,0.15,2,0.5,0.8,1,10,20,0,350,1000,0,-1,2,-3,2
30,1,2,0.1,0.75,1,6,10,0,358,500,0,2,2,3,2
13,1,2,0.1,0.75,1,6,10,0,2,500,0,2,-1,3,-1
3,1,2,0.1,1,1,6,10,0,358,500,0,-2,5,-3,5
8,1,2,0.1,1,1,6,10,0,2,500,0,2,2,3,2
8,1,2,0.1,1,1,6,10,0,358,500,0,-2,2,-3,2
3,1,2,0.1,1,1,6,10,0,2,500,0,2,5,3,5
40,1,2,0.1,0.5,1,2,10,0,2,500,0,0,-4.4,0,-5.5
13,1,2,0.1,1,1,2,10,0,358,500,0,0,4.4,0,5.5
14,1,2,0.1,1,1,4,50,0,2,500,0,0,1
40,1,2,0.1,0.5,1,2,10,0,358,500,0,-0.02959683,-4.474659,0,-5.5
13,1,2,0.1,1,1,2,10,0,2,500,0,0,4.4,0,5.5
35,1,1,0.5,1.5,1,0,1,0,10,500,0,2,4
16,1,0,0.5,1.5,1,0,5,0,10,500,0,-2,4
35,1,1,0.5,1.5,1,0,1,0,10,500,0,-2,4
16,1,0,0.5,1.5,1,0,5,0,10,500,0,2,4
13,1,2,0.1,0.75,1,6,10,0,358,500,0,-2,-1,-3,-1
30,1,2,0.1,0.75,1,6,10,0,358,500,0,-2,2,-3,2
20,1,2,0.1,0.75,1,6,10,0,358,500,0,2,0,3,0
20,1,2,0.1,0.75,1,6,10,0,358,500,0,-2,0,-3,0
22,1,2,0.1,0.75,1,6,10,0,358,500,0,-2,2,-3,2
22,1,2,0.1,0.75,1,6,10,0,358,500,0,2,2,3,2
16,1,0,0.5,1.5,1,0,5,0,10,500,0,-1,4
16,1,0,0.5,1.5,1,0,5,0,10,500,0,1,4
35,1,1,0.5,1.5,1,0,1,0,10,500,0,-1,4
35,1,1,0.5,1.5,1,0,1,0,10,500,0,1,4
3,1,2,0.1,1,1,2,10,0,358,500,0,0,4.4,0,5.5
3,1,2,0.1,1,1,2,10,0,2,500,0,0,4.4,0,5.5
