0,5,2,0.1,2,5,10,0.7589521,2.91991,-0.01662796,3.647461,-2.02386,2.958984,-2.196078,0.6860352,-1.672297,-0.5664063,-0.168655,-0.8349609,2.083245,0.3198242,1.567814,2.57317,1.502455,6,10,500
0,1,1,1,2,0,10,1.721104,3.593818,10,500
0,1,1,1,2,0,10,-1.922018,3.487902,10,500
0,10,0,0.1,2,0,50,2.219832,1.738281,-2.302972,1.862793,2.259027,1.748047,-2.311286,1.801758,2.231709,1.726074,-2.348105,1.728516,2.178262,1.772461,-2.187764,1.821289,2.224583,1.660156,2.305347,5.2,10,1000
0,1,2,0.2,1,5,10,0.6104145,1.091353,10,500
2,1,2,1,5,30,5,-2.179394,1.552773,10,500
0,1,2,1,5,30,5,1.649697,0.05116582,10,500
3,1,0,0.5,1,0,5,1.671638,2.60243,-2.16401,2.705078,2.326726,0.4956055,-2.143819,0.1708984,2.160447,4.187012,10,500
3,1,1,0.5,2,0,5,-2.009607,3.229529,2.146194,0.6274414,10,500
3,1,1,0.5,2,0,5,1.613424,3.320313,-2.165197,1.61377,10,500
